int X1_0[] = {35,-18967,-14,125,3,-32,96,-88,-218,-233,-249,-283,-318,-263,-296,-421,-379,-232,-257,-255,-104,-45,-81,4,209,198,216,284,314,300,322,400,386,316,345,191};
int Y1_0[] = {35,-2527,15,125,264,311,175,344,333,323,313,293,274,304,320,188,135,-30,2,5,-162,-222,-174,-288,-345,-353,-345,-310,-294,-302,-289,-291,-178,-98,-126,45};
int X1_1[] = {30,-2,177,224,184,187,189,164,140,143,92,69,26,-77,-146,-180,-225,-292,-341,-435,-423,-360,-321,-307,-280,-265,-264,-236,-234,-205,-215};
int Y1_1[] = {30,0,13,19,67,69,72,104,136,138,200,232,319,414,367,344,315,275,247,239,160,88,46,33,5,-6,-4,-32,-30,-58,-41};
int X1_2[] = {69,4830,10,41,-45,-78,-122,-138,-164,-182,-189,-218,-216,-236,-234,-254,-275,-274,-306,-317,-327,-350,-361,-398,-459,-452,-430,-407,-374,-362,-339,-316,-315,-291,-266,-265,-239,-236,-185,-181,-152,-135,-104,-60,-39,10,78,125,166,196,208,234,244,254,276,277,292,292,306,319,325,344,369,437,362,306,278,252,211,214};
int Y1_2[] = {69,-2343,215,294,413,404,374,362,344,332,326,308,308,297,297,285,274,275,259,254,249,240,236,234,222,201,174,147,103,91,63,34,36,8,-20,-18,-47,-45,-105,-103,-133,-147,-176,-222,-236,-294,-368,-367,-355,-346,-343,-334,-331,-328,-320,-320,-315,-315,-309,-303,-300,-290,-277,-288,-185,-119,-85,-51,-2,0};
int X1_3[] = {62,751,124,295,296,286,287,277,278,258,259,260,241,242,223,225,227,209,191,194,167,161,155,132,112,112,55,33,25,2,-6,-16,-40,-36,-32,-42,-67,-78,-104,-116,-142,-154,-181,-178,-235,-248,-291,-395,-382,-370,-349,-333,-317,-312,-279,-267,-243,-204,-114,-64,-14,19,9};
int Y1_3[] = {62,5689,-102,-265,-264,-269,-268,-273,-272,-284,-283,-283,-295,-294,-307,-306,-306,-319,-331,-331,-350,-357,-363,-382,-415,-434,-374,-344,-328,-297,-281,-264,-233,-231,-230,-213,-181,-164,-132,-114,-81,-64,-30,-28,36,54,104,202,241,264,280,291,302,306,326,333,362,400,320,275,230,201,218};
int X1_4[] = {29,-5858,176,183,203,220,231,246,260,268,280,292,293,298,309,304,314,314,324,324,334,334,352,353,367,372,393,391,359,40};
int Y1_4[] = {29,4616,-358,-358,-352,-346,-343,-338,-333,-330,-325,-321,-321,-318,-313,-316,-311,-310,-305,-305,-299,-299,-287,-286,-276,-271,-256,-238,-188,-24};
int X1_5[] = {55,2482,250,265,256,257,249,230,232,233,215,217,200,203,196,189,182,176,162,157,152,150,144,117,122,86,62,67,43,18,22,-2,-13,-10,-21,-18,0,-26,-23,-19,-173,-240,-260,-276,-287,-274,-297,-285,-290,-290,-295,-282,-294,-281,-293,-273};
int Y1_5[] = {55,6148,-242,-277,-283,-282,-289,-302,-302,-302,-315,-315,-329,-329,-336,-343,-350,-357,-371,-378,-385,-403,-438,-427,-426,-382,-352,-351,-321,-291,-289,-258,-242,-240,-224,-222,-235,-203,-201,-199,97,360,339,322,312,323,302,312,307,308,303,313,303,313,304,319};
int X1_6[] = {87,-1183,-366,-334,-323,-322,-300,-299,-299,-276,-274,-251,-226,-247,-223,-209,-206,-192,-189,-162,-159,-143,-139,-110,-106,-88,-83,-65,-47,-41,-22,-16,3,9,15,21,27,48,10,-71,-126,-107,464,405,405,375,348,306,294,267,254,256,230,232,234,208,211,185,188,190,192,181,184,173,149,178,154,157,134,162,139,117,133,111,115,93,97,65,46,27,-12,-62,-102,-120,-152,-149,-193,-183};
int Y1_6[] = {87,7794,216,237,244,246,259,260,261,273,274,286,298,287,299,305,305,311,311,322,322,327,327,338,338,344,344,350,355,355,361,361,366,366,367,367,367,372,355,321,299,270,-98,-152,-173,-206,-204,-221,-226,-237,-242,-241,-253,-252,-251,-264,-263,-276,-276,-275,-275,-281,-281,-287,-301,-287,-300,-300,-314,-300,-314,-328,-321,-335,-335,-350,-350,-372,-386,-401,-430,-401,-299,-270,-226,-224,-165,-93};
int X1_7[] = {41,14809,-399,-459,-452,-452,-445,-460,-452,-452,-452,-452,-429,-429,-429,-429,-429,-429,-429,-406,-429,-406,-417,-417,-406,-406,-405,-405,-405,-382,-405,-382,-393,-393,-381,-369,-368,-356,-356,-343,-307,-269};
int Y1_7[] = {41,-1773,-9,8,12,28,54,60,41,46,50,55,34,38,42,46,50,54,58,35,66,43,60,64,54,57,61,64,68,43,75,50,67,71,60,49,52,40,43,31,-9,-51};
int X1_8[] = {40,16389,-309,-460,-452,-452,-452,-429,-452,-429,-429,-429,-429,-428,-428,-428,-428,-428,-405,-428,-428,-428,-416,-416,-428,-428,-428,-428,-404,-404,-404,-404,-379,-379,-355,-366,-342,-341,-329,-303,-265};
int Y1_8[] = {40,-2531,31,40,22,26,31,11,40,20,24,28,32,36,40,45,49,53,30,61,65,69,59,63,81,85,89,93,68,72,76,79,54,57,32,49,23,26,14,-11,-53};
int X1_9[] = {64,717,-2,241,243,244,264,256,275,267,285,269,287,287,305,289,289,290,307,291,275,292,261,230,232,218,197,233,150,66,97,72,47,78,40,43,46,23,26,3,-5,-14,-30,-69,-63,-97,-93,-118,-115,-132,-139,-146,-154,-162,-171,-179,-199,-186,-184,-204,-225,-247,-245,-267,-254};
int Y1_9[] = {64,6774,57,172,174,175,148,164,137,152,126,155,129,131,105,134,135,137,111,140,169,143,198,253,254,282,323,402,-234,-319,-301,-318,-336,-318,-345,-345,-345,-363,-363,-381,-390,-399,-453,-445,-444,-391,-391,-351,-351,-323,-309,-295,-281,-267,-253,-238,-210,-222,-221,-192,-163,-134,-132,-102,-114};
int X1_10[] = {34,13775,-43,13,-21,-193,-260,-304,-284,-283,-308,-318,-323,-389,-207,-236,-326,-187,-93,-29,111,106,218,264,293,302,294,314,349,349,388,250,143,237,162};
int Y1_10[] = {34,-22933,265,245,288,448,344,263,300,301,257,241,234,205,-70,-38,49,-71,-151,-205,-331,-330,-414,-364,-315,-300,-314,-277,-209,-205,-213,7,109,32,104};
int X1_11[] = {30,7,23,27,30,32,34,6,-6,-34,-46,-65,-173,-210,-241,-269,-309,-338,-393,-418,-308,-232,-201,-169,-137,-105,-72,-70,-68,-35,13};
int Y1_11[] = {30,18,180,231,233,235,237,265,280,307,320,349,453,409,350,302,235,189,160,88,-8,-70,-93,-116,-140,-165,-190,-187,-185,-210,-250};
int X1_12[] = {69,1381,158,295,397,404,380,362,344,332,332,308,308,297,297,285,274,275,264,254,249,240,236,221,238,201,174,146,118,90,62,49,36,8,-20,-18,-47,-45,-106,-104,-102,-163,-192,-191,-252,-278,-368,-367,-355,-349,-343,-334,-331,-331,-320,-320,-317,-312,-309,-303,-303,-290,-289,-289,-201,-119,-85,-36,-18,30};
int Y1_12[] = {69,1622,31,29,-22,-79,-113,-138,-165,-182,-179,-219,-217,-236,-234,-255,-275,-274,-295,-317,-328,-350,-361,-395,-451,-452,-430,-407,-385,-362,-339,-327,-315,-291,-266,-265,-239,-236,-185,-181,-177,-123,-92,-86,-27,-2,77,125,165,187,208,234,244,247,276,277,285,299,306,319,319,344,377,450,377,305,278,237,225,185};
int X1_13[] = {62,5616,-48,-264,-269,-263,-274,-273,-272,-272,-283,-295,-282,-294,-307,-306,-306,-319,-331,-331,-344,-357,-369,-376,-437,-419,-374,-344,-328,-297,-266,-265,-248,-232,-215,-213,-196,-164,-132,-99,-97,-64,-61,2,20,54,96,212,246,264,283,291,298,306,326,333,362,400,320,275,230,216,202};
int Y1_13[] = {62,842,67,295,285,297,276,277,278,279,259,239,262,242,223,225,227,209,191,194,177,161,146,141,126,88,54,33,24,2,-20,-16,-26,-36,-46,-43,-53,-79,-104,-131,-128,-154,-151,-208,-221,-248,-290,-412,-392,-370,-344,-333,-323,-312,-279,-267,-243,-204,-114,-64,-15,4,24};
int X1_14[] = {29,-3692,-15,189,246,256,271,276,286,290,296,299,305,305,310,311,316,313,318,321,321,325,330,333,338,343,346,352,358,364};
int Y1_14[] = {29,2267,15,-371,-404,-393,-372,-367,-353,-348,-338,-334,-324,-324,-315,-314,-304,-309,-299,-293,-292,-280,-268,-260,-246,-231,-221,-203,-183,-162};
int X1_15[] = {55,-2157,-226,-277,-276,-289,-289,-288,-302,-315,-301,-322,-322,-329,-343,-343,-343,-364,-364,-379,-386,-403,-438,-441,-412,-397,-352,-337,-321,-305,-289,-244,-257,-226,-239,-237,-220,-219,-202,-199,92,360,333,322,323,312,302,312,307,307,303,313,303,313,304,319};
int Y1_15[] = {55,10605,205,265,266,247,249,250,231,214,235,208,210,202,186,189,191,167,170,156,152,150,144,130,108,99,62,52,42,32,22,-17,0,-25,-7,-3,-15,-11,-23,-20,-178,-240,-266,-276,-275,-286,-297,-285,-290,-290,-295,-282,-294,-281,-293,-273};
int X1_16[] = {87,7720,93,165,224,226,270,314,386,430,401,386,372,350,350,335,335,321,328,314,300,314,300,300,287,301,287,281,281,275,275,276,276,263,264,251,252,253,241,242,237,226,221,210,200,173,152,98,-270,-299,-321,-361,-367,-367,-367,-372,-361,-366,-361,-361,-355,-355,-350,-344,-344,-344,-333,-327,-327,-322,-322,-311,-310,-305,-305,-299,-287,-298,-286,-274,-273,-261,-260,-259,-246,-244,-237,-216};
int Y1_16[] = {87,-385,183,193,148,151,120,90,73,12,-28,-46,-65,-98,-94,-115,-111,-133,-117,-140,-163,-134,-157,-154,-178,-149,-173,-184,-182,-193,-190,-188,-185,-211,-209,-234,-232,-230,-257,-254,-267,-294,-306,-334,-390,-405,-406,-464,107,126,72,-24,-33,-27,-21,-28,5,-2,17,22,42,47,66,84,88,93,123,139,143,159,162,189,192,207,209,223,247,227,251,275,276,299,300,300,323,323,334,366};
int X1_17[] = {64,5906,0,186,174,175,148,178,137,138,154,127,129,131,132,106,135,137,139,126,155,143,198,240,268,282,322,403,-226,-301,-319,-318,-318,-336,-336,-336,-354,-354,-363,-381,-381,-408,-423,-456,-418,-418,-391,-364,-351,-323,-309,-295,-281,-280,-253,-225,-223,-222,-221,-192,-163,-134,-132,-102,-86};
int Y1_17[] = {64,633,0,232,243,244,264,247,275,276,268,286,287,287,288,305,289,290,290,299,283,292,260,238,224,218,197,213,126,94,69,72,75,50,54,57,33,36,26,4,8,-27,-25,-47,-82,-78,-93,-108,-115,-132,-139,-146,-154,-151,-170,-190,-188,-186,-184,-204,-225,-246,-245,-267,-278};
int X1_18[] = {89,3919,-135,-193,-191,-188,-193,-191,-189,-186,-184,-182,-187,-177,-175,-180,-170,-168,-173,-171,-160,-166,-155,-161,-150,-156,-154,-142,-148,-146,-134,-141,-138,-125,-132,-130,12,349,-19,-57,-74,-71,-67,-74,-71,-78,-64,-60,-68,-64,62,67,38,32,25,17,34,14,18,22,52,31,35,13,43,47,51,55,60,37,67,71,75,79,56,87,91,95,71,74,78,53,56,59,34,37,25,14,16,-53};
int Y1_18[] = {89,29836,-272,-386,-386,-386,-375,-374,-374,-374,-374,-374,-363,-374,-374,-363,-374,-373,-362,-362,-373,-362,-373,-361,-373,-361,-361,-372,-361,-361,-372,-360,-360,-371,-360,-359,-317,-112,-460,-429,-406,-406,-406,-394,-394,-383,-394,-394,-382,-397,-382,-412,-460,-463,-452,-440,-452,-429,-429,-429,-452,-429,-428,-405,-428,-428,-428,-428,-428,-405,-428,-428,-428,-428,-404,-428,-428,-428,-404,-404,-404,-380,-379,-379,-355,-354,-341,-329,-328,-266};
int X1_19[] = {87,813,36,-5,-17,-43,-55,-51,-48,-60,-56,-67,-64,-61,-57,-68,-64,-61,-57,-54,-50,-73,-43,-66,-35,-58,-54,-24,-46,-68,-38,-34,-55,-50,-46,-41,-60,-32,-50,-1,-18,31,12,39,43,47,50,76,68,72,86,89,92,96,88,92,85,88,92,95,118,121,115,127,130,133,136,139,150,144,147,150,161,155,166,160,171,165,176,170,180,183,177,187,189,184,194,123};
int Y1_19[] = {87,-748,281,319,331,356,368,368,369,381,381,393,393,393,393,405,405,405,406,406,406,429,406,429,406,429,429,406,429,452,429,429,452,452,452,452,460,452,445,459,452,421,429,406,406,407,407,384,395,395,384,384,384,384,396,396,407,407,407,407,385,385,396,385,385,385,385,385,374,386,386,386,375,386,375,386,375,386,375,386,375,375,386,376,376,387,376,217};
int X1_20[] = {34,3768,-258,-275,-233,-190,29,122,65,67,157,158,203,306,366,364,377,317,298,239,208,210,162,-15,-63,-91,-59,-147,-295,-234,-308,-380,-333,-350,-280};
int Y1_20[] = {34,5878,-314,-281,-356,-430,-317,-211,-258,-258,-185,-183,-146,-58,198,135,116,208,239,330,379,379,434,302,250,225,251,177,55,106,47,-174,-179,-147,-195};
int X1_21[] = {30,2,-281,-287,-275,-274,-262,-261,-254,-247,-227,-213,-180,-107,14,74,163,266,310,426,407,343,330,302,302,289,276,276,270,257,213};
int Y1_21[] = {30,3,-271,-260,-281,-281,-302,-301,-312,-322,-355,-376,-430,-438,-310,-262,-190,-105,-67,31,131,161,183,225,226,247,268,268,279,299,229};
int X1_22[] = {69,-3310,-357,-385,-412,-410,-324,-279,-249,-204,-174,-187,-127,-125,-123,-92,-60,-28,-11,5,38,55,88,136,155,212,223,238,240,255,261,271,272,281,291,300,300,300,317,317,325,333,342,350,359,371,385,372,303,258,228,199,185,156,127,128,99,101,72,43,15,-27,-85,-173,-226,-234,-239,-261,-261,-219};
int Y1_22[] = {69,-2526,-136,-92,-47,22,62,100,125,161,186,175,222,223,224,247,271,294,305,317,340,351,374,407,418,448,444,383,384,349,338,316,316,294,271,249,250,250,206,207,186,165,144,124,103,73,43,-20,-44,-78,-101,-123,-134,-157,-181,-180,-204,-203,-227,-251,-275,-312,-362,-437,-454,-359,-349,-309,-309,-229};
int X1_23[] = {62,-7589,11,28,60,33,64,66,98,100,101,132,134,136,166,168,198,228,229,259,288,303,346,375,432,446,402,387,372,357,357,350,342,334,335,327,312,297,283,283,269,269,241,242,221,201,175,139,48,10,-45,-72,-129,-157,-215,-287,-360,-434,-383,-356,-350,-332,-48};
int Y1_23[] = {62,-2446,-305,-294,-271,-293,-270,-269,-246,-245,-244,-220,-220,-219,-194,-193,-169,-144,-142,-117,-91,-77,-38,-11,40,66,108,109,131,153,154,166,177,188,189,200,220,240,259,260,279,279,316,316,344,372,408,443,374,315,263,238,187,162,112,49,-12,-84,-138,-154,-162,-190,4};
int X1_24[] = {29,615,338,323,309,295,265,221,222,193,164,135,136,108,109,111,82,84,55,57,29,16,-11,-23,-65,-78,-134,-160,-206,-22};
int Y1_24[] = {29,5319,-12,-22,-32,-43,-66,-101,-100,-123,-147,-171,-170,-195,-194,-193,-217,-217,-242,-241,-266,-278,-304,-316,-355,-368,-420,-446,-444,-35};
int X1_25[] = {54,-10279,132,148,150,180,181,182,212,213,242,243,271,272,287,301,329,330,358,385,386,413,443,448,407,398,381,373,364,347,339,339,330,339,330,330,322,322,77,-316,-275,-219,-191,-189,-188,-187,-158,-185,-156,-168,-167,-152,-179,-177,14};
int Y1_25[] = {54,-6420,-228,-216,-215,-190,-189,-188,-163,-161,-136,-134,-108,-106,-92,-78,-50,-48,-20,7,9,38,78,104,111,123,143,154,165,185,195,197,207,199,209,210,220,221,194,19,62,117,146,147,148,150,178,152,180,168,169,183,158,160,12};
int X1_26[] = {90,-8799,-280,-286,-307,-314,-336,-343,-364,-393,-421,-428,-341,-312,-282,-252,-251,-220,-219,-203,-201,-155,-183,-152,-150,-118,-146,-114,-112,-80,-108,-75,-73,-40,-38,-35,-33,0,17,20,38,72,75,109,143,177,228,270,283,147,33,161,209,258,275,261,263,264,266,252,253,240,241,227,229,200,201,187,189,191,162,133,165,137,108,140,97,99,116,58,90,62,35,37,39,12,15,3,-8,-20,12};
int Y1_26[] = {90,-2031,-242,-230,-195,-183,-148,-135,-99,-51,-2,35,92,105,128,151,153,176,177,189,190,222,202,224,225,246,226,247,248,269,249,270,270,291,291,291,292,311,321,322,331,351,351,370,390,409,438,452,361,-83,-272,-193,-162,-131,-119,-127,-126,-124,-122,-131,-129,-138,-136,-145,-143,-163,-162,-171,-170,-169,-190,-211,-188,-209,-230,-207,-240,-239,-227,-271,-248,-270,-293,-292,-292,-314,-314,-325,-337,-348,-123};
int X1_27[] = {64,-1834,-142,-228,-243,-258,-258,-273,-289,-306,-289,-305,-322,-322,-322,-338,-347,-355,-373,-373,-390,-409,-448,-441,-441,-386,-385,-344,-343,-315,-314,-286,-285,-270,-254,-253,-238,-222,-234,-32,379,365,342,328,306,299,270,286,272,259,274,274,275,262,276,277,284,285,292,286,299,293,306,306,325};
int Y1_27[] = {64,-3706,-170,-295,-272,-249,-248,-225,-201,-177,-198,-174,-149,-148,-146,-121,-107,-93,-67,-64,-37,-21,8,45,49,92,95,127,129,151,153,173,175,186,197,198,208,219,211,230,7,36,77,105,146,160,213,189,216,242,217,218,219,245,221,222,210,211,200,213,189,203,179,180,145};
int X1_28[] = {35,24309,10,240,136,180,174,-47,-106,-55,-177,-251,-225,-250,-301,-434,-379,-379,-320,-249,-208,-116,-135,-199,58,158,171,184,258,258,211,317,430,356,282,292};
int Y1_28[] = {35,-7213,-5,299,355,333,380,308,234,295,147,59,91,63,15,-162,-209,-208,-245,-291,-317,-377,-364,-366,-307,-189,-173,-157,-67,-65,-122,-29,190,233,275,270};
int X1_29[] = {30,183,-293,-260,-281,-281,-302,-301,-301,-333,-355,-376,-430,-438,-310,-262,-190,-105,-67,31,131,161,183,225,226,247,268,268,289,289,229};
int Y1_29[] = {30,113,-270,-287,-275,-274,-262,-261,-260,-241,-227,-213,-179,-107,14,74,163,266,310,426,407,343,329,302,302,289,275,276,263,264,213};
int X1_30[] = {69,-2525,-136,-92,-47,22,62,99,125,161,186,175,222,223,224,247,271,294,294,328,340,351,374,407,407,452,452,395,372,349,338,316,316,294,271,249,250,251,206,207,186,165,144,124,104,73,43,-20,-44,-78,-101,-123,-134,-157,-181,-180,-204,-203,-227,-251,-275,-312,-362,-437,-454,-359,-349,-309,-309,-229};
int Y1_30[] = {69,-3306,-357,-385,-412,-411,-324,-279,-249,-204,-174,-187,-127,-125,-123,-92,-60,-28,-26,20,38,55,88,136,139,213,236,233,244,255,261,271,272,281,291,299,300,300,317,317,325,333,342,350,359,371,385,372,303,258,228,199,185,156,127,128,99,101,72,44,15,-27,-85,-172,-226,-234,-239,-261,-261,-219};
int X1_31[] = {62,-2405,-283,-294,-293,-270,-270,-269,-246,-268,-221,-244,-220,-207,-206,-170,-169,-167,-142,-117,-91,-77,-38,-12,15,66,88,109,131,143,164,166,177,178,189,200,220,230,259,260,279,279,307,326,335,363,408,445,385,315,276,238,187,162,124,62,-12,-84,-128,-154,-162,-181,-20};
int Y1_31[] = {62,-7612,41,28,30,62,64,66,97,70,130,103,134,150,152,196,198,199,229,259,288,303,346,375,404,446,417,387,372,365,350,350,342,342,334,327,312,305,283,283,269,269,248,234,228,208,174,149,52,10,-31,-73,-130,-158,-200,-273,-360,-434,-389,-356,-350,-338,-77};
int X1_32[] = {29,-414,390,446,449,383,355,329,304,291,266,241,241,216,217,193,194,194,170,171,147,123,112,89,78,55,20,22,0,20};
int Y1_32[] = {29,3173,197,159,144,83,65,38,10,-2,-29,-57,-56,-84,-82,-111,-109,-108,-137,-135,-164,-193,-207,-236,-250,-280,-324,-323,-353,-9};
int X1_33[] = {90,-11317,-264,-230,-207,-183,-148,-135,-99,-51,-14,34,81,104,128,140,153,175,177,199,190,212,202,224,225,246,226,247,248,269,249,270,270,290,291,291,301,301,321,321,331,351,351,380,390,409,429,442,372,-83,-272,-193,-162,-131,-129,-117,-125,-124,-132,-120,-129,-137,-136,-145,-154,-152,-162,-171,-170,-169,-189,-210,-187,-209,-230,-207,-240,-239,-227,-271,-248,-270,-293,-292,-292,-314,-314,-337,-336,-348,-89};
int Y1_33[] = {90,-8303,-266,-286,-300,-314,-336,-343,-364,-393,-414,-428,-356,-312,-282,-267,-251,-220,-219,-188,-201,-170,-183,-152,-150,-119,-146,-115,-113,-80,-108,-76,-73,-41,-38,-36,-18,-15,17,20,38,72,74,124,143,177,211,284,268,148,34,161,210,258,260,277,263,265,251,268,254,240,241,228,214,215,202,188,189,191,162,134,166,137,109,141,98,99,116,59,90,63,35,38,40,13,15,-10,-8,-20,13};
int X1_34[] = {65,270,-169,-180,-179,-203,-177,-213,-212,-199,-223,-222,-221,-220,-245,-218,-217,-216,-228,-202,-214,-161,-133,-92,-77,-49,-20,-186,-229,-210,-209,-208,-197,-186,-176,-174,-163,-151,-130,-128,-106,-93,-70,-35,-9,9,36,51,66,92,94,120,122,147,160,162,198,176,200,201,225,249,272,272,307,45};
int Y1_34[] = {65,-6077,-313,-306,-306,-293,-305,-286,-285,-291,-278,-277,-276,-276,-261,-274,-273,-273,-265,-278,-270,-299,-313,-335,-342,-357,-372,-68,206,236,237,239,254,269,285,286,300,315,343,344,372,386,414,443,448,407,390,381,373,355,355,338,338,322,313,313,288,306,289,290,274,258,242,243,220,11};
int X1_35[] = {53,2811,-228,-216,-215,-190,-189,-188,-163,-161,-136,-134,-108,-106,-92,-77,-50,-48,-20,7,10,38,91,92,111,123,143,155,165,185,195,205,198,199,209,210,220,221,184,19,89,117,119,147,175,150,178,152,180,168,169,170,171,154};
int Y1_35[] = {53,2336,133,148,150,180,181,182,212,213,242,243,271,272,287,301,329,330,358,385,386,413,453,438,407,398,381,373,364,347,339,330,339,339,330,330,322,322,33,-316,-247,-219,-218,-189,-161,-187,-158,-185,-156,-168,-167,-166,-164,-148};
int X1_36[] = {45,-18407,384,407,407,384,395,395,384,384,384,384,396,396,407,407,407,396,396,385,385,396,385,385,385,374,386,386,386,386,375,375,386,386,375,375,386,375,386,375,386,376,376,376,376,182};
int Y1_36[] = {45,-13214,66,47,51,76,69,72,86,89,93,96,89,92,85,89,92,105,108,121,124,118,130,133,136,148,141,144,147,150,161,163,158,160,171,173,168,178,173,183,177,187,189,192,194,101};
int X1_37[] = {50,761,-169,-397,-386,-375,-375,-386,-374,-374,-374,-374,-363,-374,-374,-363,-374,-362,-373,-362,-373,-362,-373,-362,-373,-361,-361,-372,-361,-361,-372,-360,-360,-371,-360,-360,-405,-42,-419,-429,-418,-406,-394,-406,-394,-394,-383,-394,-394,-359,367};
int Y1_37[] = {50,-574,-68,-187,-191,-196,-194,-184,-189,-187,-185,-182,-188,-178,-175,-181,-171,-176,-166,-172,-161,-167,-156,-162,-150,-157,-154,-143,-149,-147,-134,-141,-139,-126,-133,-130,-132,413,39,-58,-65,-71,-78,-64,-71,-68,-76,-61,-57,-88,1243};
