int X2_0[] = {15,-9752,45,94,131,145,169,193,216,239,250,293,315,336,367,399};
int Y2_0[] = {15,1061,-230,-372,-346,-338,-320,-302,-284,-266,-256,-220,-200,-180,-150,-119};
int X2_1[] = {15,-2668,133,90,93,119,133,168,214,215,259,281,324,356,377,356};
int Y2_1[] = {15,3941,-292,-372,-372,-354,-345,-319,-282,-282,-245,-226,-187,-157,-136,-152};
int X2_2[] = {4,-2012,-147,-339,-395};
int Y2_2[] = {4,2824,148,173,131};
int X2_3[] = {2,293,-46};
int Y2_3[] = {2,190,-213};
int X2_4[] = {2,338,113};
int Y2_4[] = {2,-174,224};
int X2_5[] = {3,295,11,-124};
int Y2_5[] = {3,-163,-13,-301};
int X2_6[] = {3,295,145,11};
int Y2_6[] = {3,-208,276,-13};
int X2_7[] = {2,274,-156};
int Y2_7[] = {2,-313,-174};
int X2_8[] = {2,545,-155};
int Y2_8[] = {2,-222,-131};
int X2_9[] = {2,457,-199};
int Y2_9[] = {2,-249,-125};
int X2_10[] = {2,416,-200};
int Y2_10[] = {2,-331,-36};
int X2_11[] = {2,441,-266};
int Y2_11[] = {2,-355,-49};
int X2_12[] = {2,383,-228};
int Y2_12[] = {2,-456,77};
int X2_13[] = {12,-1480,363,297,215,62,-156,-231,-274,-419,-303,-175,-67};
int Y2_13[] = {12,441,-108,93,186,400,324,259,223,149,-89,-233,-351};
int X2_14[] = {5,1001,45,-358,-84,303};
int Y2_14[] = {5,-399,-262,-3,368,2};
int X2_15[] = {6,3955,-110,-115,-73,-45,-41};
int Y2_15[] = {6,-4487,-243,-275,-312,-336,-336};
int X2_16[] = {15,881,-25,78,158,188,226,227,264,283,283,302,319,328,355,390};
int Y2_16[] = {15,942,-353,-429,-358,-327,-286,-285,-243,-221,-219,-197,-173,-160,-125,-77};
int X2_17[] = {15,-2945,-32,19,87,156,186,225,244,263,282,309,328,345,363,381};
int Y2_17[] = {15,3705,-86,-447,-430,-357,-326,-284,-262,-240,-218,-184,-160,-136,-111,-85};
int X2_18[] = {5,-645,35,171,155,166};
int Y2_18[] = {5,1133,-12,-341,-363,-352};
int X2_19[] = {2,-94,382};
int Y2_19[] = {2,270,-27};
int X2_20[] = {2,-564,382};
int Y2_20[] = {2,413,-28};
int X2_21[] = {2,-607,322};
int Y2_21[] = {2,416,61};
int X2_22[] = {2,-517,245};
int Y2_22[] = {2,305,129};
int X2_23[] = {2,-630,150};
int Y2_23[] = {2,333,175};
int X2_24[] = {2,-660,126};
int Y2_24[] = {2,250,196};
int X2_25[] = {2,-428,95};
int Y2_25[] = {2,44,264};
int X2_26[] = {2,-441,96};
int Y2_26[] = {2,-19,263};
int X2_27[] = {2,-414,-27};
int Y2_27[] = {2,271,-288};
int X2_28[] = {13,1015,231,273,182,99,-147,-240,-258,-348,-358,-227,-121,11};
int Y2_28[] = {13,-2433,54,133,217,322,353,255,235,173,-47,-175,-270,-390};
int X2_29[] = {4,660,235,251,15};
int Y2_29[] = {4,-377,-24,137,39};
int X2_30[] = {6,-1794,169,205,284,395,78};
int Y2_30[] = {6,7562,272,237,155,-73,-59};
int X2_31[] = {5,1147,297,239,134,-4};
int Y2_31[] = {5,-2832,143,202,305,135};
int X2_32[] = {4,-2016,339,418,170};
int Y2_32[] = {4,1715,-125,-46,-150};
int X2_33[] = {4,748,-189,-54,-116};
int Y2_33[] = {4,-1322,272,407,250};
int X2_34[] = {23,-113,239,228,180,157,159,185,199,248,261,285,262,192,170,149,197,267,291,269,224,225,181,11};
int Y2_34[] = {23,5096,-196,-206,-250,-271,-271,-247,-235,-188,-175,-150,-172,-241,-263,-286,-238,-165,-139,-162,-208,-207,-255,-32};
int X2_35[] = {9,-3701,154,251,298,287,218,138,163,121};
int Y2_35[] = {9,2513,-282,-189,-142,-151,-220,-300,-276,-142};
int X2_36[] = {14,-986,353,316,256,233,234,235,212,213,191,169,112,102,0};
int Y2_36[] = {14,3154,-84,-116,-172,-194,-193,-191,-214,-213,-235,-258,-318,-330,0};
int X2_37[] = {115,-1952,-13,277,223,225,185,187,175,176,178,166,168,156,158,133,161,111,113,140,117,119,146,122,124,151,128,130,132,134,123,125,127,129,119,121,112,114,104,95,86,77,57,27,9,-10,-30,-27,-59,-56,-78,-88,-85,-108,-118,-116,-151,-150,-173,-184,-208,-245,-244,-282,-294,-306,-331,-344,-369,-382,-381,-420,-435,-450,-446,-446,-427,-409,-390,-390,-362,-362,-344,-344,-325,-334,-315,-315,-296,-314,-295,-304,-304,-294,-293,-312,-292,-311,-301,-300,-290,-269,-289,-268,-267,-246,-244,-243,-242,-220,-218,-216,-215,-191,-189,-176};
int Y2_37[] = {115,-12260,11,139,186,188,223,224,236,238,239,251,252,263,264,285,266,307,308,288,309,309,289,310,310,291,311,311,312,312,322,322,323,323,333,333,342,343,352,362,371,381,414,458,447,421,395,396,357,358,333,320,321,296,284,285,248,248,224,213,189,154,155,120,110,100,78,69,47,39,42,10,13,17,-1,2,-16,-36,-56,-53,-86,-84,-105,-103,-125,-111,-133,-132,-155,-128,-151,-137,-135,-146,-145,-117,-141,-114,-125,-123,-134,-158,-130,-155,-153,-178,-177,-176,-174,-200,-198,-197,-196,-222,-220,-233};
int X2_38[] = {61,-280,232,164,144,124,127,163,210,233,256,257,237,217,46,39,415,244,245,246,247,208,210,103,-49,-90,281,294,295,329,226,170,238,258,278,316,297,279,243,145,219,336,319,266,249,163,166,274,348,189,265,305,238,330,347,288,272,362,407,255,289,35};
int Y2_38[] = {61,341,-266,-315,-332,-348,-348,-323,-290,-272,-255,-254,-270,-287,-358,-206,-239,-268,-267,-266,-266,-301,-300,-399,-369,-284,9,74,77,-165,-288,-343,-278,-258,-238,-198,-216,-234,-272,-380,-301,-171,-189,-248,-267,-368,-368,130,50,-376,-266,-196,-280,-15,9,-210,-231,-95,0,-247,-200,-10};
int X2_39[] = {267,20444,-371,-382,-382,-394,-382,-382,-382,-393,-393,-393,-393,-416,-405,-393,-381,-357,-357,-357,-333,-321,-332,-308,-296,-295,-283,-282,-282,-257,-281,-243,-243,-254,-229,-228,-202,-226,-187,-211,-223,-222,-221,-220,-219,-192,-217,-216,-202,-201,-212,-211,-210,-209,-208,-207,-206,-204,-177,-202,-174,-199,-171,-197,-196,-194,-193,-219,-218,-217,-215,-214,-185,-184,-210,-181,-179,-178,-148,-175,-173,-143,-170,-168,-167,-165,-164,-191,-190,-188,-216,-214,-213,-226,-240,-238,-252,-265,-279,-293,-306,-335,-334,-363,-377,-423,-409,-384,-374,-369,-363,-353,-348,-343,-338,-334,-324,-324,-314,-304,-303,-293,-282,-281,-302,-333,-333,-333,-312,-322,-301,-300,-300,-288,-288,-276,-275,-262,-273,-253,-251,-243,-241,-233,-224,-214,-211,-193,-182,-170,-158,-137,-115,-87,-77,-27,-21,10,15,34,51,69,73,102,94,122,114,141,144,148,151,177,179,182,184,209,189,213,215,217,218,220,222,234,235,247,228,250,251,242,244,255,256,257,258,259,260,252,253,263,264,247,266,249,250,269,235,253,254,239,257,241,242,260,245,262,247,248,264,250,251,245,246,254,241,256,257,258,259,260,268,269,263,264,278,265,266,267,267,281,269,270,283,283,284,284,284,285,274,286,281,281,276,277,277,289,278,290,279,290,280,270,281,282,293,303,323,25};
int Y2_39[] = {267,14870,-240,-233,-231,-224,-227,-224,-222,-214,-212,-210,-207,-192,-196,-199,-203,-214,-212,-209,-221,-226,-218,-230,-236,-234,-240,-239,-238,-252,-235,-257,-256,-247,-262,-261,-277,-260,-283,-266,-257,-256,-255,-255,-254,-270,-252,-251,-258,-257,-247,-246,-245,-244,-243,-242,-240,-239,-257,-237,-255,-234,-252,-231,-230,-228,-227,-205,-203,-201,-199,-197,-216,-214,-191,-211,-209,-207,-227,-203,-201,-222,-197,-195,-193,-190,-188,-162,-159,-156,-128,-125,-122,-105,-89,-85,-68,-50,-33,-15,3,36,41,75,95,153,155,170,189,200,210,226,235,243,252,259,272,274,286,298,299,310,322,322,300,267,268,270,291,282,303,303,303,314,314,324,324,334,324,338,338,343,343,348,353,358,358,369,374,379,385,396,407,405,393,335,336,307,308,294,281,267,268,240,256,228,244,216,217,219,220,192,194,195,197,169,199,172,174,175,177,178,180,167,168,156,185,159,160,176,177,165,166,168,169,171,172,187,188,176,177,205,180,207,209,184,237,212,213,240,215,242,243,218,244,220,246,247,222,248,249,262,263,251,277,253,254,254,255,256,244,245,258,258,235,260,260,261,262,239,263,263,241,241,242,243,243,244,268,245,257,258,270,270,271,249,272,250,273,251,274,297,275,275,254,232,190,34};
int X2_40[] = {46,-6603,270,261,280,262,263,264,273,265,266,257,267,268,259,260,252,253,237,204,198,199,217,259,284,308,308,325,325,357,357,381,397,413,437,438,383,341,355,383,438,441,381,356,331,340,161};
int Y2_40[] = {46,-16246,219,231,210,233,234,235,225,237,237,249,239,240,251,252,263,264,285,326,337,337,317,266,236,206,207,188,190,151,153,126,109,92,66,48,10,-15,0,29,85,141,152,180,208,200,109};
int X2_41[] = {51,-8392,167,112,125,105,118,110,123,114,127,151,131,154,146,158,160,172,183,185,186,208,209,230,231,251,252,272,292,293,312,313,313,323,323,313,295,314,314,295,296,277,259,241,242,224,207,217,218,228,229,168};
int Y2_41[] = {51,-16312,305,352,343,362,353,362,353,362,353,334,353,335,344,335,335,326,317,317,317,300,300,282,283,265,266,249,232,233,217,218,219,212,213,223,240,225,226,243,244,261,277,293,294,310,326,318,318,310,310,160};
int X2_42[] = {35,-1167,233,222,246,269,258,282,271,294,294,306,317,329,340,352,363,363,363,363,374,352,352,342,342,320,320,298,299,299,278,256,279,257,258,60};
int Y2_42[] = {35,-12800,285,292,279,267,274,262,269,258,259,253,249,244,239,235,231,233,234,236,232,244,246,252,253,264,265,276,276,277,287,297,288,297,297,96};
int X2_43[] = {35,-23673,63,66,39,26,29,16,4,21,8,11,-1,15,18,5,7,9,27,29,47,65,99,133,151,248,288,274,284,288,294,298,304,304,302,120};
int Y2_43[] = {35,9001,363,363,341,330,330,319,309,320,309,309,299,310,310,300,300,300,311,312,323,333,355,377,387,451,449,368,333,321,298,286,263,264,276,110};
int X2_44[] = {43,9653,383,394,417,429,429,452,452,460,423,396,385,374,363,353,342,342,320,320,320,321,321,310,321,332,333,354,376,387,430,450,381,357,346,311,311,299,276,277,254,243,99,-31134};
int Y2_44[] = {43,-28689,201,197,187,184,187,178,182,168,135,117,105,93,80,68,55,58,30,32,34,37,39,26,44,62,64,98,131,150,215,287,270,277,282,291,292,295,301,301,307,310,123,-8176};
