int X3_0[] = {69,-5786,6,166,31,-3,250,226,61,37,156,132,188,36,222,256,160,-184,125,274,204,-157,-127,96,151,-200,-207,-16,-66,-238,-208,-124,-69,-219,-89,-132,-213,-222,-43,22,-274,-137,185,226,181,4,-234,-12,282,228,57,-128,207,149,74,177,243,74,-177,-186,121,135,-169,-155,-166,-63,-190,-112,142,117};
int Y3_0[] = {69,-2499,5,-183,-256,-199,-34,-145,-200,224,-125,-207,-36,232,-98,-101,107,191,115,-28,75,166,218,157,129,128,123,248,265,-7,-16,199,247,130,-170,-68,146,-13,-175,-167,92,-132,-201,22,-156,-233,0,-130,-45,-115,-222,-140,-162,90,183,-159,-113,185,157,181,127,141,177,-94,-55,259,113,-162,-189,-213};
int X3_1[] = {48,-1226,-83,-81,-3,24,34,29,95,143,152,192,247,247,177,215,251,188,182,189,162,156,130,124,145,166,143,14,25,-45,-101,-75,-73,-97,-146,-205,-179,-161,-196,-273,-206,-230,-242,-206,-170,-152,-163,-150,-130};
int Y3_1[] = {48,-224,185,281,250,224,215,224,154,103,95,53,-5,-2,75,63,-84,-137,-142,-135,-159,-165,-190,-196,-176,-157,-211,-275,-284,-210,-152,-176,-175,-150,-99,-39,-62,-77,-48,58,138,116,107,142,176,193,182,193,210};
int X3_2[] = {42,2875,69,98,91,101,102,87,88,82,83,69,70,72,43,37,30,-18,-43,-77,-90,-125,-154,-198,-212,-234,-293,-265,-236,-214,-206,-176,-176,-160,-145,-144,-143,-127,-125,-116,-115,-98,-105};
int Y3_2[] = {42,-1151,104,151,160,152,153,170,171,179,180,197,197,197,229,237,275,286,259,225,212,178,152,113,101,82,62,3,-27,-50,-57,-89,-88,-103,-119,-118,-117,-134,-133,-141,-140,-156,-147};
int X3_3[] = {86,6863,-92,-113,-119,-118,-117,-115,-122,-121,-127,-126,-125,-139,-123,-144,-144,-143,-150,-156,-156,-170,-170,-177,-177,-192,-199,-207,-214,-222,-245,-245,-290,-293,-293,-266,-259,-259,-239,-232,-239,-219,-225,-218,-211,-211,-211,-204,-196,-189,-188,-174,-166,-158,-150,-142,-133,-125,-116,-99,-97,-72,-70,-44,-25,11,55,72,100,109,129,137,150,169,170,200,218,230,263,296,255,246,213,205,205,172,173};
int Y3_3[] = {86,-877,181,188,181,182,182,183,176,176,169,170,170,157,172,151,151,152,146,139,140,127,128,122,123,111,105,100,95,90,72,74,67,40,43,12,5,8,-15,-22,-11,-36,-25,-32,-40,-38,-37,-44,-52,-59,-58,-75,-82,-90,-98,-107,-115,-123,-131,-149,-148,-175,-175,-202,-230,-276,-258,-249,-232,-228,-214,-210,-201,-188,-187,-164,-150,-140,-123,-104,-49,-37,0,11,14,51,53};
int X3_4[] = {97,408,-95,-76,-57,-64,-27,-25,3,32,69,98,118,130,147,153,168,164,174,180,185,190,195,200,204,205,209,218,227,227,232,246,250,269,267,272,232,214,187,188,170,153,144,136,137,111,112,104,87,88,71,81,65,49,59,34,45,29,22,15,9,-5,-11,-26,-30,-45,-61,-58,-75,-74,-92,-90,-96,-101,-114,-113,-118,-131,-131,-144,-150,-150,-149,-163,-162,-176,-176,-198,-197,-212,-226,-241,-256,-286,-299,-260,-229,-170};
int Y3_4[] = {97,-476,-135,-152,-169,-159,-194,-194,-220,-247,-273,-272,-242,-232,-217,-211,-196,-201,-190,-185,-179,-173,-167,-161,-155,-154,-148,-135,-122,-120,-113,-93,-84,-57,-46,-15,7,26,53,56,74,91,101,110,112,136,137,145,161,162,177,170,186,200,194,215,208,223,230,237,244,258,265,279,279,298,272,263,240,240,217,217,210,203,188,189,181,167,168,153,147,148,148,135,135,122,123,103,104,92,79,68,56,31,13,-16,-40,-45};
int X3_5[] = {40,-5951,-12,9,38,48,72,86,95,109,122,124,131,138,149,156,157,172,168,174,174,180,185,185,186,191,195,200,205,205,210,219,228,223,236,236,250,250,259,262,248};
int Y3_5[] = {40,-1457,-54,-244,-268,-265,-261,-253,-249,-240,-232,-232,-228,-223,-215,-211,-211,-198,-202,-198,-198,-193,-188,-188,-188,-183,-178,-173,-168,-167,-162,-151,-140,-144,-127,-125,-108,-106,-92,-97,-90};
int X3_6[] = {37,4715,206,200,206,212,218,218,230,230,242,242,248,259,253,265,271,271,259,259,242,230,212,183,49,-59,-69,-84,-77,-87,-79,-97,-95,-107,-106,-104,-116,-106};
int Y3_6[] = {37,2771,-93,-99,-90,-80,-70,-69,-50,-48,-30,-27,-16,2,-3,16,28,31,17,20,-3,-19,-43,-86,174,277,264,230,240,222,232,206,206,189,190,190,173,154};
int X3_7[] = {89,-5342,123,145,153,147,161,155,169,177,170,177,191,185,192,192,199,206,213,220,220,226,240,246,253,266,266,279,279,286,299,292,292,292,266,266,233,213,181,155,-24,-88,-93,-99,-104,-103,-109,-122,-114,-127,-126,-125,-139,-138,-137,-151,-150,-150,-149,-163,-170,-162,-176,-176,-176,-183,-197,-197,-204,-211,-219,-233,-233,-248,-263,-278,-299,-289,-258,-243,-236,-229,-207,-221,-199,-192,-184,-184,-169,-124};
int Y3_7[] = {89,2095,-175,-152,-144,-150,-135,-141,-125,-116,-123,-114,-97,-104,-95,-93,-84,-74,-64,-54,-53,-42,-24,-13,-2,16,19,39,42,54,74,69,72,75,41,44,1,-24,-68,-104,223,196,188,179,171,172,163,146,156,139,140,140,123,124,125,109,110,111,112,95,88,98,82,83,84,77,62,63,56,49,43,28,30,16,2,-11,-39,-36,-53,-65,-70,-75,-95,-79,-99,-105,-111,-110,-124,-79};
int X3_8[] = {17,-408,206,185,178,179,172,172,166,166,160,160,154,155,155,156,150,-13};
int Y3_8[] = {17,436,83,107,116,117,125,126,134,135,143,144,151,152,153,153,161,13};
int X3_9[] = {17,278,-22,-155,-154,-154,-153,-153,-152,-158,-158,-157,-157,-163,-163,-177,-176,-183};
int Y3_9[] = {17,-297,-8,-155,-155,-154,-153,-153,-152,-144,-144,-143,-142,-134,-133,-117,-116,-108};
int X3_10[] = {79,1370,-45,-82,-98,-105,-104,-120,-119,-118,-134,-133,-141,-158,-157,-174,-173,-181,-198,-207,-206,-232,-241,-268,-286,-279,-269,-263,-253,-242,-237,-232,-221,-221,-216,-226,-210,-215,-210,-206,232,171,154,138,121,131,124,125,126,127,128,121,139,131,141,150,142,160,169,161,186,187,195,212,220,236,253,283,292,279,272,252,246,226,226,213,206,200,187,181};
int Y3_10[] = {79,4290,35,181,167,160,160,146,147,148,134,134,128,114,115,102,103,97,85,79,80,61,56,46,42,21,7,1,-12,-27,-34,-41,-56,-55,-62,-44,-68,-58,-65,-110,-90,-130,-141,-152,-164,-157,-163,-162,-162,-161,-161,-166,-153,-159,-152,-145,-151,-137,-130,-136,-115,-114,-106,-92,-84,-68,-53,-45,-21,4,14,38,48,72,73,89,98,106,122,130};
int X3_11[] = {81,-274,50,161,173,186,199,217,229,263,297,256,231,214,206,190,182,182,158,167,151,152,152,137,137,138,131,123,124,117,110,111,112,97,98,91,84,70,79,58,52,46,10,-1,-29,-124,-133,-176,-213,-235,-249,-227,-242,-234,-219,-234,-219,-219,-204,-211,-203,-195,-187,-179,-171,-171,-155,-154,-154,-137,-137,-128,-119,-118,-101,-92,-83,-73,-72,-54,-53,-51};
int Y3_11[] = {81,1076,147,157,143,130,116,96,84,58,33,-10,-32,-46,-53,-67,-74,-73,-96,-87,-102,-101,-100,-116,-115,-114,-121,-129,-128,-136,-144,-143,-142,-159,-158,-166,-174,-191,-182,-208,-216,-225,-278,-276,-264,-150,128,76,34,9,-5,22,7,17,36,21,39,41,59,53,63,72,82,91,100,101,118,119,120,137,137,146,154,155,171,179,187,195,195,211,211,211};
int X3_12[] = {70,3787,6,183,177,177,172,166,166,160,155,161,156,156,151,151,158,158,153,160,166,184,195,219,225,236,193,-149,-157,-165,-164,-173,-181,-189,-189,-197,-206,-214,-232,-249,-259,-288,-272,-268,-258,-253,-242,-237,-232,-221,-216,-210,-205,-205,-194,-199,-188,-177,-171,-160,-154,-142,-129,-128,-104,-97,-89,-73,-49,-29,-17};
int Y3_12[] = {70,394,-6,146,153,154,160,167,167,174,180,175,181,181,188,188,182,182,189,183,177,160,149,127,122,112,138,77,69,62,63,55,48,41,42,35,28,21,6,-8,-8,-31,-41,-53,-64,-69,-81,-86,-91,-104,-109,-115,-121,-120,-134,-126,-139,-153,-159,-173,-180,-194,-208,-207,-236,-243,-250,-294,-294,-279,-264};
int X3_13[] = {68,7136,70,175,181,176,176,182,182,177,177,178,173,173,179,179,179,185,185,190,185,191,186,196,191,191,197,192,192,197,197,192,159,92,-147,-193,-179,-188,-193,-188,-197,-197,-197,-197,-197,-202,-202,-197,-202,-196,-206,-196,-201,-201,-201,-206,-206,-98,36,-158,-168,-178,-172,-172,-177,-171,-176,-176,-7707};
int Y3_13[] = {68,4407,68,172,167,173,173,168,168,174,174,175,181,181,176,176,176,171,171,166,172,167,173,163,168,169,164,169,170,165,165,171,233,285,42,-170,-185,-175,-169,-174,-163,-163,-162,-162,-162,-156,-155,-160,-154,-159,-148,-158,-152,-152,-151,-145,-144,-170,-169,-196,-184,-172,-178,-178,-171,-177,-171,-170,-8969};
