int X0_0[] = {81,-3140,-6,-9,0,0,8,8,17,17,26,26,17,35,35,18,35,35,35,35,35,36,36,53,36,36,44,45,36,53,36,53,36,45,45,37,54,37,54,37,54,37,54,37,46,46,38,54,38,38,54,38,38,55,38,38,38,39,47,47,39,39,39,31,31,39,39,23,39,32,32,24,32,32,24,16,17,25,9,17,9,-4};
int Y0_0[] = {81,5758,-29,-81,-74,-74,-68,-68,-61,-61,-55,-54,-61,-48,-48,-61,-48,-48,-48,-48,-48,-47,-47,-34,-47,-47,-41,-40,-47,-34,-47,-33,-47,-40,-40,-47,-33,-47,-33,-46,-33,-46,-33,-46,-39,-39,-46,-32,-46,-46,-32,-46,-46,-32,-46,-46,-45,-45,-38,-38,-45,-45,-45,-52,-52,-45,-45,-59,-45,-52,-52,-59,-52,-52,-59,-66,-66,-59,-73,-66,-83,-78};
int X0_1[] = {74,-2998,20,-9,0,-9,0,8,8,0,0,17,0,18,9,10,18,18,19,19,19,19,19,19,19,36,20,20,37,20,37,29,29,37,37,21,38,38,38,38,38,38,38,38,46,46,38,38,55,39,55,39,55,39,55,47,47,55,55,55,39,55,55,56,56,64,64,56,56,56,64,64,56,72,48};
int Y0_1[] = {74,3902,-9,-81,-74,-81,-74,-68,-68,-74,-74,-61,-74,-61,-68,-68,-61,-61,-61,-61,-61,-61,-61,-61,-61,-48,-61,-61,-48,-61,-48,-54,-54,-48,-48,-61,-48,-48,-48,-47,-47,-47,-47,-47,-41,-40,-47,-47,-34,-47,-33,-47,-33,-47,-33,-40,-40,-33,-33,-33,-46,-32,-32,-32,-32,-25,-25,-32,-32,-31,-24,-24,-31,-17,-38};
int X0_2[] = {84,-2817,13,-18,-9,-8,0,0,0,0,0,1,9,9,10,10,10,10,19,19,19,19,19,20,20,20,20,20,37,20,21,37,21,38,38,21,38,38,22,38,38,38,38,39,39,39,39,39,55,39,39,39,55,39,55,39,56,40,56,40,56,56,48,48,56,56,56,56,56,56,56,56,56,56,56,56,56,72,56,56,64,64,57,72,49};
int Y0_2[] = {84,3471,-39,-87,-81,-81,-74,-74,-74,-74,-74,-74,-68,-68,-68,-68,-68,-68,-61,-61,-61,-61,-61,-61,-61,-61,-61,-61,-48,-61,-61,-48,-61,-48,-48,-61,-48,-48,-61,-48,-48,-48,-48,-48,-48,-48,-48,-48,-34,-47,-47,-47,-34,-47,-34,-47,-34,-47,-33,-47,-33,-33,-40,-40,-33,-33,-33,-33,-33,-32,-32,-32,-32,-32,-32,-32,-32,-18,-31,-31,-24,-24,-31,-17,-38};
int X0_3[] = {71,31,18,34,34,28,34,28,28,22,28,22,22,22,24,17,18,2,-5,3,-13,-4,-21,-4,-20,-20,-20,-37,-20,-28,-28,-36,-28,-28,-36,-36,-36,-44,-44,-36,-35,-52,-35,-52,-35,-52,-52,-35,-52,-52,-52,-52,-52,-52,-52,-60,-60,-51,-69,-60,-60,-69,-60,-60,-69,-68,-60,-68,-60,-68,-68,-77};
int Y0_3[] = {71,881,43,57,57,65,57,65,65,73,65,73,73,73,82,85,95,81,73,81,66,73,59,73,59,59,59,45,59,52,52,45,52,52,45,45,45,38,38,45,46,32,46,32,46,32,32,46,32,32,32,32,33,33,33,26,26,33,20,26,27,20,27,27,20,20,27,21,28,21,21,15};
int X0_4[] = {61,471,-45,-20,-4,-12,12,13,42,32,38,44,44,50,50,50,50,62,62,62,62,74,80,86,89,62,44,53,36,36,36,36,19,20,20,3,-4,-27,-32,-30,-37,-43,-36,-49,-49,-49,-55,-55,-62,-62,-62,-68,-74,-87,-90,-72,-54,-38,-54,-38,-37,-16};
int Y0_4[] = {61,-1957,40,61,74,67,87,87,85,64,56,48,48,40,40,40,40,25,25,25,25,10,2,-5,-19,-33,-39,-32,-46,-46,-46,-46,-60,-60,-60,-74,-81,-92,-74,-65,-57,-49,-57,-41,-41,-41,-34,-33,-26,-26,-25,-18,-10,5,21,27,33,47,33,47,47,38};
int X0_5[] = {126,-3139,-23,-30,-30,-30,-29,-23,-31,-17,-24,-25,-8,-16,-7,-7,-7,-6,2,2,2,2,2,3,3,12,12,12,12,12,13,21,21,5,21,22,22,22,22,22,22,23,39,23,23,23,39,23,32,32,24,40,32,32,40,25,40,41,25,41,41,41,33,33,41,41,41,41,42,42,42,42,50,50,42,42,42,57,42,42,58,43,50,50,43,58,50,50,58,43,58,58,43,58,58,51,51,58,58,58,58,58,58,58,59,59,59,59,59,59,59,66,66,59,59,73,59,59,73,59,73,59,73,59,73,66,59};
int Y0_5[] = {126,2066,-3,-69,-69,-69,-69,-78,-79,-86,-83,-92,-80,-86,-80,-80,-80,-80,-74,-74,-74,-74,-74,-74,-74,-69,-69,-69,-69,-69,-69,-63,-63,-74,-63,-63,-63,-63,-63,-63,-63,-63,-51,-63,-63,-63,-51,-62,-56,-56,-62,-50,-56,-56,-50,-62,-50,-50,-62,-50,-50,-50,-56,-56,-50,-50,-50,-50,-50,-50,-50,-50,-43,-43,-49,-49,-49,-37,-49,-49,-37,-49,-43,-43,-49,-36,-42,-42,-36,-49,-36,-36,-48,-35,-35,-42,-42,-35,-35,-35,-35,-35,-35,-34,-34,-34,-34,-34,-34,-34,-34,-27,-27,-33,-33,-19,-33,-33,-19,-33,-19,-32,-18,-32,-18,-25,-32};
int X0_6[] = {185,-8350,-3,5,25,6,15,16,25,25,26,35,35,45,36,54,45,45,64,64,64,64,74,83,83,92,83,83,74,74,69,74,69,69,74,65,69,69,65,65,65,65,65,65,65,65,65,60,60,65,65,55,65,60,60,60,60,56,65,56,60,60,56,56,65,56,56,56,56,56,56,56,56,56,56,56,56,56,56,56,48,56,56,56,48,56,52,52,56,48,57,48,52,53,48,53,53,49,49,53,53,49,49,49,49,49,49,49,45,49,46,50,46,46,50,42,50,43,46,47,43,47,43,43,44,44,44,40,41,41,41,41,41,38,42,42,39,42,42,43,46,52,53,59,65,62,68,65,72,72,75,75,78,73,78,67,59,59,49,59,39,59,39,40,40,50,40,30,40,40,40,50,50,60,50,70,80,86,65,65,65,58,51,51,51,35};
int Y0_6[] = {185,9587,-69,-64,-55,-64,-59,-59,-54,-54,-54,-49,-49,-44,-49,-39,-44,-44,-34,-34,-34,-34,-28,-23,-23,-18,-15,-7,-4,-4,4,-4,4,5,-3,14,5,5,14,14,14,14,15,15,15,15,15,24,24,15,15,33,16,24,25,25,25,33,16,34,25,25,34,34,17,34,34,34,34,34,34,35,35,35,35,35,35,35,35,35,52,35,35,35,52,35,44,44,36,53,36,53,44,44,53,44,45,53,53,45,45,53,53,53,53,53,53,53,62,53,62,54,62,62,54,70,54,70,62,62,70,62,70,70,70,70,70,79,79,79,79,79,79,87,79,79,87,79,79,79,71,54,54,38,21,30,13,22,5,6,-1,-1,-9,-16,-9,-23,-22,-22,-28,-21,-34,-21,-34,-34,-34,-27,-34,-41,-34,-34,-34,-27,-27,-20,-27,-13,-6,8,25,25,25,41,56,56,56,35};
int X0_7[] = {18,-821,-36,-91,-81,-81,-62,-52,-42,-42,-23,-23,-22,-3,-3,16,16,16,26};
int Y0_7[] = {18,-1425,2,-7,6,6,20,27,34,34,47,47,47,61,61,74,74,74,81};
int X0_8[] = {142,1685,0,62,69,72,81,89,79,69,59,39,39,39,20,20,10,10,1,1,21,1,1,21,2,12,12,21,2,22,22,22,22,32,32,22,42,23,42,42,42,42,33,42,33,43,43,43,43,43,43,24,43,43,43,24,43,24,44,25,44,84,12,11,15,-6,-6,-6,3,3,-5,3,4,13,4,14,14,24,14,14,14,15,15,-3,15,-3,6,6,-3,-3,-2,-2,-2,-2,-21,-2,-2,-21,-11,-11,-21,-21,-20,-20,-20,-20,-20,-40,-20,-39,-39,-39,-39,-39,-59,-57,-73,-78,-72,-65,-65,-65,-59,-59,-52,-56,-52,-59,-75,-72,-72,-72,-72,-65,-65,-65,-65,-65,-59,-65,-59,-59,-55};
int Y0_8[] = {142,1689,0,33,18,10,10,9,-4,-11,-18,-32,-32,-31,-45,-45,-52,-52,-59,-59,-45,-59,-59,-45,-59,-52,-52,-45,-59,-45,-45,-45,-45,-38,-38,-45,-30,-45,-30,-30,-30,-30,-37,-30,-37,-30,-29,-29,-29,-29,-29,-44,-29,-29,-29,-44,-29,-43,-29,-43,-28,-145,-7,17,63,58,58,58,65,65,58,65,65,73,66,73,73,80,73,73,73,73,73,58,73,58,66,66,58,58,58,58,58,58,44,58,58,44,51,51,44,44,44,44,44,44,44,30,44,30,30,30,30,30,16,24,9,2,-12,-27,-27,-27,-42,-42,-57,-49,-57,-42,-3,-11,-11,-11,-11,-26,-26,-26,-26,-26,-41,-25,-41,-41,-49};
int X0_9[] = {188,5143,0,28,38,28,28,28,29,19,39,19,19,39,19,19,19,29,29,20,20,20,20,20,20,20,20,21,21,21,11,11,21,21,21,21,2,21,22,2,22,22,3,22,22,3,22,3,23,3,23,4,13,13,4,23,4,4,24,5,5,14,14,5,5,5,15,15,6,6,6,6,6,6,6,6,6,7,7,7,-1,-1,7,7,7,8,-10,8,8,0,0,8,0,0,9,-9,9,0,0,0,0,-8,10,-8,10,-7,-7,10,-7,-7,2,-6,2,-6,-6,-6,-6,-6,-14,-5,-5,-14,-5,-14,-13,-4,-13,-13,-13,-13,-12,-12,-14,-21,-7,-20,-20,-20,-20,-20,-19,-19,-19,-19,-18,-24,-24,-18,-23,-23,-23,-23,-23,-28,-22,-22,-28,-28,-22,-27,-27,-27,-27,-27,-27,-27,-33,-26,-26,-26,-32,-32,-26,-38,-25,-38,-25,-37,-25,-37,-31,-31,-37,-37,-31,-30,-37,-37,-30};
int Y0_9[] = {188,2760,0,-34,-27,-34,-34,-34,-34,-42,-26,-42,-42,-26,-41,-41,-41,-34,-34,-41,-41,-41,-41,-41,-41,-41,-41,-41,-41,-41,-48,-48,-41,-41,-40,-40,-56,-40,-40,-56,-40,-40,-56,-40,-40,-56,-40,-56,-40,-56,-40,-56,-48,-48,-56,-40,-55,-55,-39,-55,-55,-47,-47,-55,-55,-55,-47,-47,-55,-55,-55,-55,-55,-55,-55,-55,-55,-55,-55,-55,-63,-63,-55,-55,-55,-55,-71,-55,-54,-63,-63,-54,-63,-63,-54,-71,-54,-62,-62,-62,-62,-71,-54,-71,-54,-71,-71,-54,-70,-70,-62,-70,-62,-70,-70,-70,-70,-70,-79,-70,-70,-79,-70,-79,-79,-70,-79,-79,-79,-78,-78,-78,-88,-87,-90,-87,-87,-87,-87,-87,-87,-87,-87,-87,-87,-81,-81,-87,-81,-81,-81,-81,-81,-74,-81,-81,-74,-74,-81,-74,-74,-74,-74,-74,-74,-74,-68,-74,-74,-74,-68,-68,-74,-62,-74,-62,-74,-62,-74,-62,-68,-68,-62,-62,-68,-68,-62,-62,-68};
int X0_10[] = {42,-11375,-4,-65,-65,-74,-65,-74,-69,-69,-74,-74,-74,-87,-92,-83,-83,-83,-73,-64,-64,-64,-63,-44,-63,-44,-44,-44,-44,-25,-44,-25,-24,-34,-24,-14,-24,-24,-14,-14,-4,-4,-13};
int Y0_10[] = {42,3455,8,-17,-17,0,-16,0,-7,-7,1,1,1,12,6,19,19,20,25,31,31,31,31,42,31,42,42,42,42,53,43,53,53,48,53,59,53,53,59,59,64,64,59};
int X0_11[] = {62,2615,4,-56,-65,-65,-69,-69,-65,-74,-69,-74,-83,-92,-82,-73,-73,-73,-63,-63,-44,-63,-44,-44,-44,-44,-44,-24,-43,-24,-43,-24,-24,-33,-33,-23,-23,-13,-13,-23,-23,-22,-3,-22,-12,-12,-12,-12,-21,-2,-21,-21,-21,-20,-20,-40,-20,-39,-39,-39,-58,-76,-72};
int Y0_11[] = {62,-825,-8,-35,-17,-17,-9,-8,-17,0,-8,0,2,4,18,23,24,24,30,30,41,30,41,41,41,41,41,52,41,53,42,53,53,47,47,53,53,58,58,53,53,53,64,53,58,58,58,58,53,64,53,53,53,53,53,43,53,43,43,43,40,38,4};
int X0_12[] = {55,2746,-46,-92,-82,-82,-63,-73,-54,-54,-44,-44,-44,-44,-44,-43,-24,-43,-24,-43,-24,-33,-33,-23,-23,-42,-23,-23,-23,-32,-32,-22,-22,-22,-41,-22,-41,-21,-41,-31,-31,-40,-40,-40,-50,-50,-40,-59,-49,-49,-59,-69,-69,-69,-78,-59};
int Y0_12[] = {55,-1966,-21,2,16,16,28,22,34,34,40,40,40,40,40,40,52,40,52,40,52,46,46,52,52,41,52,52,52,46,47,52,52,52,41,52,41,52,41,47,47,41,42,42,36,36,42,31,37,37,31,26,26,26,21,32};
int X0_13[] = {34,2516,0,58,31,31,22,13,13,-5,4,-4,-14,-4,-14,-13,-23,-23,-23,-22,-22,-42,-32,-32,-61,-41,-60,-41,-41,-41,-21,-21,-21,-21,-11};
int Y0_13[] = {34,-1825,0,81,86,86,80,74,74,63,69,63,57,63,57,57,51,51,51,51,51,39,45,45,28,39,28,40,40,40,51,51,51,51,57};
int X0_14[] = {12,41,9,-70,-70,-60,-40,-40,-40,-40,-20,-40,-10};
int Y0_14[] = {12,-215,5,23,23,29,40,40,40,40,52,40,58};
int X0_15[] = {10,153,-35,-80,-79,-69,-69,-59,-59,-59,-69};
int Y0_15[] = {10,-268,7,10,18,24,24,30,30,30,24};
int X0_16[] = {9,285,-23,-65,-65,-65,-72,-78,-90,-59};
int Y0_16[] = {9,-130,-2,-16,-16,-16,1,-4,6,30};
int X0_17[] = {52,196,-9,44,62,77,78,69,69,69,61,61,57,65,52,52,57,48,48,48,55,32,23,-4,-4,-4,-23,-23,-42,-59,-81,-77,-73,-65,-69,-61,-65,-57,-57,-57,-57,-57,-50,-49,-49,-49,-49,-23,-14,5,24,15,43};
int Y0_17[] = {52,-1749,-5,-41,-37,-24,-9,8,8,8,25,25,34,17,43,43,34,52,52,52,89,86,80,63,63,63,51,51,39,51,16,8,0,-17,-8,-25,-16,-34,-34,-34,-34,-33,-51,-51,-51,-69,-87,-80,-74,-63,-52,-58,-41};
int X0_18[] = {215,-3629,1,-25,-24,-24,-5,-24,-24,-23,-23,-42,-23,-23,-23,-42,-22,-22,-41,-41,-22,-41,-41,-41,-40,-40,-40,-40,-60,-40,-59,-59,-58,-76,-79,-78,-78,-75,-72,-72,-72,-68,-68,-65,-65,-65,-65,-65,-65,-65,-59,-65,-59,-65,-59,-62,-62,-59,-59,-59,-59,-59,-59,-52,-59,-59,-52,-58,-52,-52,-55,-55,-51,-51,-51,-47,-47,-51,-47,-47,-43,-46,-42,-42,-42,-45,-33,-48,-32,-32,-32,-22,-21,-11,-20,-11,-10,0,0,-9,9,0,0,10,10,10,11,11,11,11,12,30,12,13,22,22,13,31,14,32,14,32,32,15,33,33,33,25,25,34,34,34,34,35,35,35,35,52,35,35,36,44,44,36,53,36,37,53,37,54,37,54,54,37,54,54,38,54,54,55,55,47,55,47,55,63,55,63,55,55,55,55,63,63,56,56,56,56,64,64,56,56,56,56,56,56,56,49,49,57,57,57,41,57,41,57,42,57,42,42,50,50,42,42,42,43,35,35,43,43,28,43,29,43,29,36};
int Y0_18[] = {215,-476,23,55,55,55,64,55,55,55,55,46,55,55,55,46,55,55,46,46,55,46,46,46,46,46,46,46,37,46,37,38,45,44,29,29,29,20,11,11,11,2,2,-7,-6,-6,-6,-6,-6,-6,-25,-6,-25,-5,-24,-15,-15,-24,-24,-24,-24,-24,-24,-43,-24,-24,-43,-23,-43,-42,-33,-33,-42,-42,-42,-52,-52,-42,-52,-51,-61,-51,-61,-61,-61,-70,-80,-79,-80,-80,-80,-76,-76,-73,-76,-73,-73,-69,-69,-73,-65,-69,-69,-65,-65,-65,-65,-65,-65,-65,-65,-58,-65,-65,-62,-62,-65,-58,-65,-58,-65,-58,-58,-65,-58,-58,-58,-61,-61,-58,-58,-58,-58,-58,-58,-58,-58,-50,-58,-58,-58,-54,-54,-57,-50,-57,-57,-50,-57,-50,-57,-50,-49,-57,-49,-49,-57,-49,-49,-49,-49,-53,-49,-53,-49,-45,-49,-45,-49,-49,-49,-48,-44,-44,-48,-48,-48,-48,-44,-44,-48,-48,-48,-48,-48,-48,-48,-52,-52,-47,-47,-47,-56,-47,-56,-47,-56,-47,-56,-56,-51,-51,-56,-56,-56,-56,-60,-60,-56,-56,-65,-56,-65,-55,-65,-60};
int X0_19[] = {148,-7291,-37,-37,-32,-31,-31,-26,-22,-14,-10,-9,0,-8,-8,10,-7,11,-6,11,12,12,12,13,13,14,14,14,15,33,15,16,33,16,34,17,34,35,18,35,35,35,36,19,36,36,36,37,37,54,37,37,38,38,46,46,38,39,55,39,55,39,55,55,40,56,56,56,48,48,56,56,56,64,56,64,57,57,64,64,57,72,57,72,65,65,72,72,72,72,72,72,73,80,73,80,80,88,80,80,88,80,73,80,73,80,73,73,73,65,65,73,73,58,73,58,65,65,58,58,66,58,58,58,51,58,58,59,44,59,44,59,44,44,59,45,45,45,45,45,45,31,45,38,39,32,46,32,24};
int Y0_19[] = {148,7567,-67,-67,-77,-77,-77,-87,-78,-80,-71,-71,-68,-71,-71,-65,-71,-65,-71,-65,-65,-65,-65,-65,-65,-65,-65,-65,-65,-59,-65,-65,-59,-65,-59,-65,-59,-59,-65,-59,-59,-59,-59,-65,-59,-59,-59,-59,-59,-53,-59,-59,-59,-59,-56,-56,-59,-59,-53,-59,-53,-59,-53,-53,-59,-53,-53,-53,-56,-56,-53,-53,-53,-49,-53,-49,-52,-52,-49,-49,-52,-46,-52,-45,-49,-49,-45,-45,-45,-45,-45,-45,-45,-41,-44,-41,-41,-37,-40,-40,-36,-40,-43,-39,-43,-39,-43,-43,-43,-46,-46,-42,-42,-50,-42,-50,-46,-46,-49,-49,-45,-49,-49,-49,-53,-49,-49,-49,-57,-49,-57,-49,-57,-57,-49,-57,-57,-57,-57,-57,-57,-65,-57,-61,-61,-65,-57,-65,-42};
int X0_20[] = {407,19,22,25,10,16,-1,0,8,-9,-9,-9,-9,-27,-8,-27,-26,-45,-26,-45,-45,-63,-44,-63,-73,-73,-82,-82,-78,-73,-69,-69,-65,-65,-56,-65,-56,-56,-56,-56,-56,-48,-56,-47,-47,-47,-47,-42,-42,-37,-37,-37,-32,-32,-27,-18,-26,-10,-7,-6,-6,3,-5,12,-5,13,-4,13,14,14,14,14,15,15,15,15,33,16,33,16,34,34,34,34,26,43,35,35,35,52,35,53,36,53,53,36,53,53,53,62,62,53,53,70,54,70,62,62,70,70,70,71,71,79,79,71,79,79,79,87,87,79,87,87,87,87,86,87,87,90,81,81,81,81,81,81,81,81,81,81,74,81,81,81,74,81,81,81,81,81,81,81,81,81,87,81,87,87,87,87,87,87,94,84,89,79,79,71,79,71,79,71,71,71,71,71,63,63,71,71,63,63,71,55,71,55,71,56,64,64,56,64,64,56,56,64,64,56,56,56,56,56,56,56,56,41,56,56,49,49,57,41,57,41,49,49,42,42,57,42,42,42,42,42,42,42,35,35,42,43,28,43,28,43,28,43,28,28,36,36,29,29,29,29,22,22,30,30,15,30,23,23,16,23,17,24,17,10,17,10,18,11,11,11,5,5,5,0,-1,-8,-8,-8,-16,-16,-16,-23,-31,-31,-23,-39,-39,-23,-39,-39,-55,-38,-38,-55,-38,-54,-54,-46,-54,-62,-54,-54,-71,-54,-71,-71,-70,-70,-79,-79,-87,-79,-95,-86,-90,-74,-74,-74,-74,-74,-68,-68,-74,-62,-62,-74,-62,-62,-62,-62,-62,-62,-62,-62,-62,-61,-61,-49,-61,-55,-55,-55,-55,-48,-48,-61,-48,-48,-48,-35,-48,-48,-34,-41,-41,-34,-34,-27,-27,-20,-20,-20,-12,-5,8,2,18,18,26,18,26,34,27,42,42,42,42,42,58,58,58,58,58,73,65,73,80,80,80,85,88,90,73,73,73,66,66,59,73,59,59,59,59,45,59,45,59,45,45,45,45,45,45,23};
int Y0_20[] = {407,6052,74,83,83,79,69,69,74,65,65,65,65,55,65,55,55,46,56,46,46,37,47,38,33,33,21,29,4,11,1,2,-7,-7,-25,-6,-25,-25,-25,-25,-25,-44,-25,-44,-44,-44,-44,-53,-53,-62,-62,-62,-72,-72,-81,-82,-81,-82,-73,-73,-73,-69,-73,-65,-73,-65,-73,-65,-65,-65,-65,-65,-65,-65,-65,-65,-57,-65,-57,-65,-57,-57,-57,-57,-61,-53,-57,-57,-57,-49,-57,-48,-57,-48,-48,-57,-48,-48,-48,-44,-44,-48,-48,-39,-48,-39,-43,-43,-39,-39,-38,-38,-38,-34,-33,-38,-33,-33,-33,-28,-28,-32,-27,-27,-27,-27,-19,-26,-26,-20,-17,-16,-16,-16,-16,-16,-15,-15,-15,-15,-6,-14,-14,-14,-5,-14,-13,-13,-13,-13,-13,-12,-12,-12,-21,-12,-20,-20,-20,-20,-19,-19,-28,-25,-26,-24,-24,-29,-23,-29,-23,-29,-28,-28,-28,-28,-34,-34,-28,-27,-33,-33,-27,-39,-27,-39,-27,-38,-32,-32,-38,-32,-32,-38,-38,-32,-31,-37,-37,-37,-37,-37,-37,-37,-37,-49,-37,-37,-43,-43,-36,-49,-36,-49,-42,-42,-49,-49,-36,-48,-48,-48,-48,-48,-48,-48,-55,-55,-48,-48,-61,-48,-61,-48,-61,-48,-61,-61,-54,-54,-61,-61,-61,-61,-67,-67,-61,-61,-74,-61,-67,-67,-74,-67,-74,-67,-74,-81,-74,-81,-74,-81,-81,-81,-87,-87,-87,-94,-84,-81,-72,-71,-64,-63,-63,-55,-47,-47,-55,-39,-39,-55,-39,-39,-23,-39,-39,-22,-38,-22,-22,-30,-22,-13,-21,-21,-4,-21,-4,-4,-4,-3,4,4,13,5,22,21,22,27,27,27,27,27,33,33,28,40,40,28,40,40,40,40,40,40,41,41,41,41,41,52,41,47,47,47,47,52,52,42,53,53,53,64,53,53,64,58,58,64,64,69,69,74,74,74,80,85,87,86,59,59,50,59,50,41,50,33,33,33,33,33,16,16,16,16,16,0,8,0,-8,-8,-8,-23,-16,-23,-27,-27,-27,-33,-33,-39,-26,-38,-38,-38,-38,-50,-38,-50,-38,-50,-50,-50,-50,-50,-50,-39};
int X0_21[] = {143,-147,57,51,51,51,63,51,51,63,51,51,63,51,63,63,52,63,57,57,63,63,63,63,63,57,69,63,63,63,63,74,63,69,69,69,69,74,74,69,74,80,74,80,80,80,86,86,86,88,86,78,68,69,60,69,60,60,60,60,51,52,52,52,52,52,35,52,43,43,43,44,35,44,44,35,35,35,36,36,36,36,19,36,36,19,36,20,20,28,20,20,12,20,21,4,21,4,5,5,5,-2,-10,-2,-16,-9,-17,-22,-15,-21,-28,-21,-21,-34,-21,-34,-34,-20,-34,-33,-33,-33,-33,-33,-47,-33,-33,-46,-33,-46,-32,-46,-32,-46,-46,-46,-46,-46,-46,-46,-46,-45,-52,-14};
int Y0_21[] = {143,-3441,-45,-51,-51,-51,-39,-51,-51,-39,-51,-51,-39,-51,-38,-38,-50,-38,-44,-44,-38,-38,-38,-37,-37,-43,-31,-37,-37,-37,-37,-24,-36,-30,-30,-30,-29,-23,-23,-29,-22,-15,-22,-15,-15,-14,-7,-7,-7,7,-6,8,9,9,18,10,18,18,18,18,26,26,27,27,27,27,42,27,35,35,35,35,43,36,36,43,43,43,43,44,44,44,58,44,44,59,44,59,59,51,59,59,66,59,59,73,59,73,73,73,73,81,88,81,85,88,90,73,80,73,65,73,73,58,73,58,58,73,58,58,58,58,58,58,43,58,58,44,58,44,58,44,58,44,44,44,44,44,44,44,44,44,37,-14};
int X0_22[] = {192,-7823,-2,-2,-1,-1,6,7,7,7,23,16,15,15,22,22,23,23,23,23,30,24,30,24,37,25,37,25,38,38,26,38,38,38,38,33,39,39,39,45,39,39,39,40,40,51,40,40,52,40,40,52,41,52,41,52,41,52,47,47,52,47,47,52,53,47,47,53,53,53,53,53,53,48,53,48,58,53,58,53,53,53,53,53,53,59,59,54,54,54,64,54,54,64,54,54,64,54,54,64,54,64,54,64,54,64,54,64,64,54,64,64,64,64,64,64,64,64,64,64,64,64,69,69,64,64,74,64,64,74,64,74,64,74,69,69,74,69,74,69,74,74,74,74,74,79,74,79,79,79,79,79,84,79,84,89,80,84,85,75,66,75,66,66,66,66,57,57,67,58,58,49,58,58,49,49,49,49,49,49,40,40,49,32,49,32,50,32,50,32,32,32,13};
int Y0_22[] = {192,1188,-75,-75,-75,-75,-84,-84,-84,-84,-93,-88,-79,-79,-74,-74,-74,-74,-74,-74,-69,-74,-69,-74,-64,-74,-64,-74,-64,-64,-74,-64,-64,-64,-64,-69,-64,-64,-64,-60,-64,-64,-64,-64,-64,-55,-64,-64,-55,-64,-64,-54,-64,-54,-64,-54,-64,-54,-59,-59,-54,-59,-59,-54,-54,-59,-59,-54,-54,-54,-54,-54,-54,-59,-54,-59,-49,-54,-48,-54,-54,-54,-53,-53,-53,-48,-48,-53,-53,-53,-42,-53,-53,-42,-53,-53,-42,-53,-53,-42,-53,-42,-52,-41,-52,-41,-52,-41,-41,-52,-41,-41,-40,-40,-40,-40,-40,-40,-40,-40,-40,-39,-33,-33,-39,-39,-27,-39,-38,-26,-38,-26,-38,-25,-31,-31,-25,-31,-24,-30,-24,-24,-23,-23,-23,-16,-23,-16,-15,-15,-15,-15,-8,-14,-7,0,0,-6,1,2,10,2,10,11,11,11,19,19,12,20,20,28,20,20,28,28,28,29,29,29,36,36,29,44,30,44,30,44,30,45,45,45,37};
int X0_23[] = {333,-12206,69,69,69,63,63,63,63,63,63,63,63,63,63,51,63,63,51,63,57,57,63,51,63,51,52,63,52,63,52,52,63,52,52,52,63,52,52,52,52,63,52,52,52,52,52,53,53,53,53,53,53,53,53,53,53,53,53,53,53,53,53,53,53,53,48,48,54,54,54,54,49,49,54,54,54,44,54,54,54,49,49,54,54,54,44,54,54,54,50,50,55,55,55,55,55,55,55,55,50,50,55,55,55,55,55,55,55,60,60,55,55,55,55,55,55,55,60,60,56,56,56,60,60,56,56,65,56,56,60,60,56,65,56,56,65,56,65,56,65,56,65,56,65,56,65,65,56,65,65,56,65,65,65,56,65,65,65,65,61,65,61,65,65,65,65,69,65,69,65,65,65,69,69,65,65,74,65,69,69,69,69,74,65,74,74,69,69,74,74,74,74,74,74,78,78,74,78,78,78,82,78,82,82,82,78,83,82,73,73,64,64,64,64,64,55,55,64,55,55,46,64,46,46,55,55,46,46,46,46,46,46,37,37,47,47,38,38,47,29,47,29,47,29,47,29,29,38,38,29,30,30,30,30,30,30,30,30,30,21,21,31,22,22,31,13,31,13,22,22,14,14,14,23,14,14,14,5,14,15,6,6,6,6,6,-1,7,-1,-1,-9,0,-9,-9,-8,-8,-17,-17,-32,-16,-24,-27,-27,-27,-27,-27,-27,-27,-38,-26,-38,-26,-38,-38,-32,-32,-38,-38,-37,-37,-44,-43,-37,-37,-37,-49,-37,-49,-37,-49,-37,-49,-43,-16};
int Y0_23[] = {333,6039,-46,-46,-45,-49,-49,-49,-49,-49,-49,-49,-49,-49,-49,-57,-49,-49,-57,-48,-53,-52,-48,-57,-48,-57,-57,-48,-56,-48,-56,-56,-48,-56,-56,-56,-48,-56,-56,-56,-56,-47,-56,-56,-56,-56,-56,-56,-56,-56,-56,-56,-56,-56,-56,-56,-56,-56,-56,-56,-56,-55,-55,-55,-55,-55,-60,-60,-55,-55,-55,-55,-60,-60,-55,-55,-55,-65,-55,-55,-55,-60,-60,-55,-55,-55,-64,-55,-55,-55,-59,-59,-55,-55,-54,-54,-54,-54,-54,-54,-59,-59,-54,-54,-54,-54,-54,-54,-54,-49,-49,-54,-54,-54,-54,-54,-54,-54,-48,-48,-53,-53,-53,-48,-48,-53,-53,-42,-53,-53,-47,-47,-53,-42,-53,-53,-42,-52,-41,-52,-41,-52,-41,-52,-41,-52,-41,-40,-52,-40,-40,-51,-40,-40,-40,-51,-39,-39,-39,-39,-45,-39,-45,-38,-38,-38,-38,-32,-38,-31,-37,-37,-37,-31,-30,-37,-36,-24,-36,-30,-29,-29,-29,-22,-35,-22,-21,-28,-28,-21,-20,-20,-20,-20,-19,-12,-12,-18,-11,-11,-11,-3,-10,-2,-2,-2,5,-1,6,6,7,14,15,15,15,16,23,23,16,24,24,31,17,32,32,25,25,32,33,33,33,33,33,40,40,34,34,41,41,34,48,35,48,35,48,35,48,48,42,42,49,49,49,49,49,49,49,49,49,49,55,56,49,56,56,49,62,50,62,56,56,62,62,62,56,62,62,62,68,62,62,68,68,68,68,68,74,68,74,74,81,74,81,81,81,81,87,87,89,87,88,70,70,70,70,70,70,70,53,70,53,70,53,54,62,62,54,54,54,54,46,46,54,54,54,38,54,38,54,38,55,38,46,12};
int X0_24[] = {354,-16957,7,22,22,15,22,23,29,23,30,24,24,31,31,25,32,32,32,32,32,33,33,33,39,34,34,40,40,34,35,41,41,41,41,41,41,41,42,42,42,42,42,48,48,43,43,43,53,43,43,54,44,54,44,54,44,54,44,54,44,54,54,45,55,55,50,50,55,55,55,55,55,55,55,60,60,55,55,55,60,60,55,65,55,55,65,55,65,60,60,65,56,65,65,60,60,65,65,65,65,65,65,65,65,65,65,74,65,65,74,65,69,69,74,65,74,65,65,74,65,65,65,65,65,65,65,56,65,65,56,65,56,65,56,56,65,56,56,56,56,56,56,56,56,56,56,56,48,56,56,48,57,48,57,48,57,48,49,57,49,49,53,53,49,49,49,49,53,53,49,49,50,57,50,50,54,54,50,58,50,54,54,50,58,50,58,54,54,58,51,58,51,58,58,51,58,58,51,58,58,58,55,55,58,58,58,58,58,58,51,58,58,58,58,58,58,65,58,58,58,59,59,59,62,62,59,59,65,59,59,65,59,62,62,59,65,62,62,65,59,65,62,62,65,65,62,62,65,65,65,65,65,65,65,65,65,69,69,65,65,72,65,72,65,72,65,72,72,69,69,72,72,72,69,72,72,72,72,72,72,72,72,69,72,72,72,65,72,69,69,65,72,65,65,65,65,65,65,65,65,65,65,65,62,62,65,65,58,65,62,62,65,58,65,58,65,58,65,58,65,59,65,59,65,65,59,65,65,65,62,65,65,65,69,65,65,69,69,69,69,72,69,75,72,75,75,79,74,78,59,50,50,40,16};
int Y0_24[] = {354,5973,-70,-81,-72,-75,-72,-72,-69,-72,-68,-72,-72,-68,-68,-72,-68,-68,-68,-68,-68,-68,-68,-68,-65,-68,-68,-65,-65,-68,-68,-65,-65,-65,-65,-65,-65,-65,-65,-65,-65,-65,-65,-62,-62,-65,-65,-65,-59,-65,-65,-59,-65,-59,-65,-59,-65,-59,-65,-59,-65,-59,-59,-65,-59,-59,-62,-62,-59,-59,-59,-59,-59,-59,-59,-55,-55,-59,-59,-59,-55,-55,-59,-52,-59,-59,-52,-58,-52,-55,-55,-51,-58,-51,-51,-55,-55,-51,-51,-51,-51,-51,-51,-51,-51,-51,-51,-43,-50,-50,-43,-50,-46,-46,-42,-50,-42,-50,-49,-42,-49,-49,-49,-49,-49,-49,-49,-57,-49,-49,-57,-48,-57,-48,-57,-57,-48,-57,-57,-56,-56,-56,-56,-56,-56,-56,-56,-56,-65,-56,-56,-65,-56,-65,-56,-65,-56,-65,-65,-56,-65,-65,-60,-60,-65,-65,-65,-65,-60,-60,-65,-65,-65,-56,-65,-65,-60,-60,-65,-56,-65,-60,-60,-65,-56,-65,-56,-60,-60,-55,-65,-55,-65,-55,-55,-65,-55,-55,-65,-55,-55,-55,-60,-60,-55,-55,-55,-55,-55,-55,-64,-55,-55,-55,-55,-55,-54,-45,-54,-54,-54,-54,-54,-54,-49,-49,-54,-54,-44,-54,-54,-43,-54,-48,-48,-53,-43,-48,-48,-42,-53,-42,-47,-47,-42,-42,-47,-47,-41,-41,-41,-41,-41,-40,-40,-40,-40,-34,-34,-39,-39,-27,-39,-27,-38,-26,-38,-26,-25,-31,-31,-25,-24,-24,-30,-23,-23,-23,-22,-22,-22,-21,-21,-27,-20,-20,-20,-33,-19,-26,-25,-32,-18,-32,-31,-31,-31,-31,-31,-30,-30,-30,-30,-30,-37,-36,-29,-29,-43,-28,-35,-35,-28,-42,-27,-42,-27,-42,-26,-42,-26,-41,-25,-41,-25,-25,-40,-24,-24,-24,-32,-23,-23,-23,-14,-22,-22,-14,-13,-13,-13,-4,-12,4,-3,5,6,15,22,23,28,34,34,40,11};
int X0_25[] = {270,-5840,69,77,73,77,73,73,73,73,73,69,69,73,73,65,73,69,69,69,69,65,73,65,65,69,69,65,65,65,65,65,65,65,65,65,65,61,61,65,65,57,65,65,57,65,57,65,57,61,61,57,57,65,57,57,57,61,61,57,57,57,58,65,58,58,58,65,58,61,61,58,65,58,65,58,65,58,65,65,61,61,65,65,65,65,65,65,73,65,69,69,73,69,73,73,77,73,77,80,77,77,80,80,81,84,81,75,81,81,70,71,62,62,62,62,62,52,52,62,43,62,43,53,53,43,43,53,53,43,43,43,43,44,44,44,44,44,53,44,44,54,44,54,54,54,54,54,54,63,63,54,63,64,64,64,64,64,64,64,73,64,64,73,64,73,64,73,64,73,64,74,74,64,74,64,55,64,55,55,46,46,46,46,46,46,46,46,28,46,37,37,28,47,28,28,28,38,28,29,19,29,29,29,20,20,29,11,20,20,11,11,11,11,11,-6,12,-5,3,-5,-14,-14,-5,-14,-13,-13,-13,-13,-13,-13,-4,-12,-3,-12,-3,-3,-3,-3,5,6,-2,6,6,15,15,6,15,15,24,15,24,24,33,16,33,33,33,34,34,51,34,42,42,51,43,43,51,51,51,60,17};
int Y0_25[] = {270,3299,-29,-15,-22,-15,-21,-21,-20,-20,-20,-26,-26,-19,-19,-32,-18,-25,-25,-24,-24,-31,-17,-31,-30,-23,-23,-30,-30,-29,-29,-29,-29,-29,-28,-28,-28,-35,-35,-27,-27,-42,-27,-27,-42,-26,-41,-26,-41,-33,-33,-41,-41,-25,-40,-40,-40,-32,-32,-40,-39,-39,-39,-23,-39,-39,-38,-22,-38,-30,-30,-38,-21,-37,-21,-37,-20,-37,-20,-19,-28,-27,-19,-18,-18,-18,-18,-17,0,-17,-8,-8,1,-7,1,2,11,2,12,21,12,13,22,23,23,33,24,31,25,26,39,31,36,36,37,37,37,42,42,38,47,38,47,43,43,48,48,44,44,48,48,49,49,49,49,49,49,49,45,50,50,46,50,46,46,46,47,47,47,43,44,47,44,44,44,45,45,45,45,45,42,46,46,43,46,44,47,44,47,45,48,45,45,48,46,49,52,49,52,52,55,55,55,55,55,55,55,55,60,55,58,58,60,55,60,60,60,58,60,60,63,60,60,60,63,63,60,65,63,63,65,65,65,65,65,70,65,70,67,70,72,72,70,72,72,72,73,73,73,73,70,73,70,73,70,70,70,70,68,68,70,68,68,65,65,68,65,65,62,65,62,62,60,65,60,60,60,60,60,55,60,57,57,55,57,57,55,55,55,52,-5};
int X0_26[] = {161,-6770,47,56,56,56,47,56,56,47,47,47,57,47,57,48,38,48,39,48,48,48,39,39,48,30,48,30,48,30,48,30,30,31,40,31,40,31,22,22,31,31,31,13,31,23,23,14,32,14,14,14,14,14,15,15,15,6,6,15,-1,7,7,-1,-1,-1,0,0,-9,-9,-9,-8,-8,-17,-16,-16,-16,-24,-22,-23,-21,-27,-21,-27,-21,-26,-26,-26,-32,-26,-32,-32,-38,-38,-32,-31,-37,-44,-44,-37,-37,-50,-37,-49,-37,-49,-49,-49,-43,-43,-49,-49,-49,-49,-55,-55,-49,-49,-49,-62,-49,-55,-55,-49,-61,-55,-55,-61,-49,-61,-61,-48,-61,-61,-61,-61,-55,-61,-55,-61,-61,-61,-61,-68,-61,-68,-61,-61,-61,-68,-68,-61,-61,-74,-61,-61,-74,-61,-74,-61,-74,-6};
int Y0_26[] = {161,-5255,43,38,38,38,44,39,39,44,44,44,40,45,40,45,50,45,50,45,45,46,50,50,46,55,46,55,46,55,46,56,56,56,51,56,51,56,60,60,56,56,56,65,56,60,60,65,56,65,65,65,65,65,65,65,65,69,69,65,74,69,69,74,74,74,74,74,78,78,78,78,78,83,83,83,83,87,78,83,74,64,74,64,74,64,64,65,55,65,55,56,46,46,56,56,47,37,38,47,47,29,47,29,47,29,29,29,39,39,30,30,30,30,21,21,30,31,31,13,31,22,22,31,13,23,23,14,32,14,14,32,15,15,15,15,24,15,24,16,16,16,16,8,17,8,17,17,17,9,9,18,18,1,18,18,1,19,2,19,2,-8};
int X0_27[] = {224,6934,2,42,42,33,34,34,34,34,34,34,34,17,34,34,26,26,34,17,26,26,17,18,18,26,18,9,18,18,10,10,10,10,2,2,10,-5,2,-7,-6,-7,-13,-19,-19,-19,-18,-24,-18,-24,-24,-30,-30,-24,-36,-24,-36,-30,-30,-36,-36,-36,-36,-36,-36,-35,-35,-35,-42,-42,-35,-35,-48,-35,-48,-35,-48,-41,-41,-48,-48,-34,-48,-48,-48,-47,-47,-47,-47,-54,-54,-47,-54,-54,-47,-61,-47,-61,-47,-60,-60,-47,-60,-60,-60,-54,-54,-60,-60,-60,-60,-67,-67,-60,-60,-67,-67,-60,-74,-60,-74,-60,-74,-74,-67,-67,-74,-74,-74,-74,-74,-74,-74,-74,-81,-74,-81,-81,-74,-81,-81,-81,-81,-81,-81,-81,-81,-88,-81,-81,-88,-81,-88,-81,-88,-88,-81,-88,-81,-88,-88,-88,-88,-81,-88,-81,-88,-88,-88,-88,-88,-88,-88,-81,-88,-88,-81,-88,-88,-81,-81,-88,-81,-81,-81,-81,-81,-74,-81,-74,-81,-74,-74,-74,-74,-74,-74,-74,-67,-67,-74,-67,-67,-60,-74,-60,-60,-60,-60,-60,-60,-60,-60,-46,-60,-46,-46,-46,-45,-45,-38,-38,-31,-24,-936};
int Y0_27[] = {224,-3071,23,55,55,59,59,59,59,59,59,59,59,65,59,59,62,62,59,65,62,62,65,65,65,62,65,68,65,65,68,68,68,68,72,72,68,75,72,84,79,88,78,69,69,69,69,59,69,59,59,49,50,59,40,60,40,50,50,40,41,41,41,41,41,41,41,41,32,32,41,42,22,42,23,42,23,33,33,23,23,43,23,24,24,24,24,24,24,15,15,25,15,15,25,6,25,6,25,7,7,26,7,7,7,17,17,8,8,8,8,0,0,9,9,0,0,9,-8,10,-8,10,-7,-7,1,1,-6,-6,-6,-6,-6,-5,-5,-5,-14,-5,-13,-13,-4,-13,-13,-12,-12,-12,-12,-11,-11,-20,-11,-11,-19,-10,-19,-10,-18,-18,-9,-17,-8,-17,-16,-16,-16,-7,-15,-7,-15,-15,-14,-14,-14,-13,-13,-5,-13,-12,-4,-12,-12,-3,-3,-11,-2,-2,-2,-2,-1,6,-1,6,0,7,7,7,7,8,8,8,16,16,9,17,17,25,9,25,25,25,26,26,26,26,26,42,26,42,42,42,42,42,50,50,57,65,1042};
